848992.89	151036.99	1304420.11	73874.84	84410.66	235447.65	1068972.46	27053.28	46305.01	61552.25	238391.47	41330	0	1
865095.22	475648.11	1723091.19	477054.96	216054.9	691703.01	1031388.18	15859.34	142388.9	22175.1	428441.47	77768	0	1
972995.49	79739.6	1631651.79	121142.26	183066.78	262806.38	1368845.41	69913.32	87886.6	95888.36	467074.87	46313	0	1
868055.69	263497.83	1744285.98	168754.56	134820.86	398318.69	1345967.29	87402.52	38551.3	59290.73	499152.95	95208	0	1
372174.15	210089.02	1136032.31	80957.7	240781.32	450870.34	685161.97	83340.94	89001.12	65588.6	239681.56	29442	1	0
678287.2	458823.73	808143.6	399675.46	280214.98	739038.71	69104.89	89233.41	168544.11	45002.8	494746.22	35586	0	1
350977.24	110623.13	694431.82	56371.47	210526.98	321150.11	373281.71	45398.5	39379.9	13352.94	236652.55	71681	0	1
258643.89	130138.65	1037070.63	385124.22	158034.28	288172.93	748897.7	21821.1	44416.64	85801.72	249821.34	72513	0	1
249100.14	137554.42	403393.86	283775.75	123682.41	261236.83	142157.03	45543.54	177952.49	53690.39	92275.77	62317	0	1
315560.18	219585.73	575845.03	430773.78	211428.11	431013.84	144831.19	75489.67	61239.64	96337.26	486953.13	84685	0	1
898578.6	112574.01	1148758.29	120451.4	79448.39	192022.4	956735.89	18730.75	64132.92	95024.07	221329.9	91473	0	1
807942.3	263601.54	1425591.7	474940.49	174632.49	438234.03	987357.67	26467.57	119706.07	81177.29	255288.56	40894	0	1
933478.8	222069.86	1132775.96	238278.25	98598.79	320668.65	812107.31	87513.31	116711.98	24547.56	221020.96	84921	0	1
784817.92	71419.76	1089984.13	246368.99	190813.73	262233.49	827750.64	98978.55	195203.66	31432.1	242818.77	65597	0	1
606311.98	136221.88	1597408.57	285256.98	206937.72	343159.6	1254248.97	30555.9	78320.21	50442.45	491978.39	67193	0	1
891450.62	470208.55	1186501.34	289467.05	190208.83	660417.38	526083.96	52827.48	103777.64	53605.7	412144.84	52678	0	1
230205.95	348346.26	302804.73	255780.65	66841.47	415187.73	-112383.0	14113.03	148680.46	25582.4	479423.66	73681	1	0
960818.73	343693.85	1142169.43	141513.02	95518.63	439212.48	702956.95	72307.41	143530.67	73938.9	497371.49	29966	0	1
911613.15	466755.01	1319193.16	155996.93	34389.67	501144.68	818048.48	78575.48	103499.51	43331.05	171549.49	67314	0	1
318689.78	351309.21	874395.83	368720.39	78546.52	429855.73	444540.1	43009.32	95930.87	16532.77	334255.82	61773	0	1
394162.96	84813.29	1006347.12	197222.89	168502.32	253315.61	753031.51	95120.93	56618.05	65228.03	86431.21	38353	0	1
897928.53	284663.1	982529.27	387571.17	152809.33	437472.43	545056.84	46507.18	141559.24	20498.39	499815.21	58235	0	1
237379.01	427940.04	349756.4	448760.68	276394.45	704334.49	-354578.09	51824.0	81554.33	59787.9	397765.97	78409	1	0
722097.17	291590.2	948307.63	262122.6	134244.8	425835.0	522472.63	39311.07	101063.41	16933.32	135737.63	34933	0	1
355690.63	135498.72	655183.03	142954.13	108843.03	244341.75	410841.28	15569.67	162583.13	64956.04	349877.81	63493	0	1
758555.66	326873.6	933813.78	480223.51	208164.11	535037.71	398776.07	32139.17	179736.0	42749.95	339635.3	64720	0	1
713022.45	422405.62	1265475.82	97632.57	146713.46	569119.08	696356.74	75065.02	67288.25	48443.99	431593.3	64256	0	1
853732.15	322896.05	1467718.71	463619.12	89009.69	411905.74	1055812.97	85628.65	180754.1	92885.77	364066.53	29150	0	1
359517.66	440796.89	1337077.54	381918.5	49800.26	490597.15	846480.39	24537.4	86560.14	94463.05	471317.02	81708	0	1
894817.68	377123.13	1522234.46	447655.74	76408.97	453532.1	1068702.36	35918.87	182867.3	70611.83	499930.47	36906	0	1
118712.33	448773.31	497701.62	152182.72	78010.91	526784.22	-29082.6	18047.45	138838.68	92332.64	288986.6	29472	1	0
875863.79	283461.51	1334837.09	463226.34	158823.66	442285.17	892551.92	81088.13	32826.94	94561.65	378182.26	75455	0	1
568862.65	456799.47	672634.85	135588.84	244376.6	701176.07	-28541.22	80778.29	113551.89	92491.46	441434.61	78793	0	1
528943.95	251007.67	951021.48	161762.09	212143.13	463150.8	487870.68	10408.17	175787.25	36530.72	52643.99	67939	0	1
124428.62	465092.56	286617.32	391500.74	54900.69	519993.25	-233375.93	19921.5	173715.63	42689.1	134563.83	99561	1	0
590296.49	294414.85	785998.81	303313.65	259707.57	554122.42	231876.39	93323.78	95238.13	13345.77	264887.87	70380	0	1
893506.73	221442.73	1637257.95	102533.21	136434.15	357876.88	1279381.07	61073.92	63310.24	39379.05	105203.52	70032	0	1
519618.66	230551.84	1387313.38	147751.36	79107.8	309659.64	1077653.74	67700.09	114779.53	72427.95	146317.88	49578	0	1
793845.62	100254.52	1200002.97	423131.44	195935.4	296189.92	903813.05	79758.35	34031.98	82911.77	91456.69	34789	0	1
963436.46	496600.61	1015795.94	482630.07	57922.91	554523.52	461272.42	68009.46	70124.93	54145.89	429493.68	74037	0	1
991289.27	190587.91	1108287.08	50258.45	291928.4	482516.31	625770.77	25942.71	93787.36	69635.49	122841.55	54689	0	1
383118.01	496182.92	1176166.42	225722.58	143300.4	639483.32	536683.1	25128.6	74384.44	76403.04	328534.42	46790	1	0
715925.58	171821.84	1694808.86	153062.38	233008.82	404830.66	1289978.2	84998.09	28181.32	30424.17	304326.08	29876	1	0
490798.45	346081.25	1055256.5	334548.25	146263.78	492345.03	562911.47	11763.54	43689.02	59369.78	195073.65	37863	0	1
718593.0	306919.52	1430550.83	327073.48	209451.43	516370.95	914179.88	51748.66	88626.7	88270.24	454250.8	96505	0	1
883315.57	272084.83	1803666.36	120703.78	85862.17	357947.0	1445719.36	59863.55	152812.45	66730.79	438160.05	53817	0	1
137715.11	477612.27	212986.5	211046.31	290046.9	767659.17	-554672.67	15115.74	169454.25	52052.52	183791.36	87610	1	0
822130.65	195699.81	1347401.03	386386.94	264349.22	460049.03	887352.0	57236.69	44716.38	17945.35	276725.54	81980	0	1
455269.95	61609.41	906890.27	172717.74	298313.37	359922.78	546967.49	69387.58	180055.53	52901.68	380904.75	31592	0	1
466663.51	195471.39	1189323.15	455328.0	97868.71	293340.1	895983.05	31313.66	169624.47	87804.73	492085.55	78525	0	1
290404.76	379297.47	520981.49	459711.29	30372.0	409669.47	111312.02	48494.17	198573.45	73174.51	217271.81	88003	0	1
119422.01	436082.29	275615.63	164353.83	47669.93	483752.22	-208136.59	62867.92	84721.02	37804.41	310876.85	44307	1	0
140162.86	197191.83	326863.51	453820.11	70703.55	267895.38	58968.13	92794.25	184322.82	70824.35	320457.44	52074	1	0
403644.63	270529.03	669238.53	63857.5	271907.11	542436.14	126802.39	14207.92	138772.75	35222.42	404537.64	97926	0	1
801648.44	257190.9	1563168.05	401731.77	51829.37	309020.27	1254147.78	56753.53	87378.05	94097.09	490794.33	71533	0	1
407591.52	198188.39	1164653.36	385168.09	36297.94	234486.33	930167.03	69350.22	145534.2	49712.84	228263.61	57916	0	1
767579.45	423878.07	1136424.61	345088.59	196767.27	620645.34	515779.27	65577.51	29362.86	30842.29	418589.38	81162	0	1
437187.61	428123.15	847032.78	368707.24	190855.71	618978.86	228053.92	31264.48	147409.58	23025.31	296509.06	50445	0	1
197202.87	489085.02	265715.61	297491.14	154216.51	643301.53	-377585.92	47300.28	36955.8	72142.33	270201.31	66107	1	0
363267.58	489112.41	637123.04	225687.21	239627.61	728740.02	-91616.98	21112.21	55179.48	65846.63	143474.84	63299	0	1
568940.46	402864.55	720992.42	87386.58	203908.42	606772.97	114219.45	35163.66	115485.4	30082.93	314601.98	66196	0	1
776309.89	176558.13	1336480.87	422787.08	291978.86	468536.99	867943.88	26344.44	193815.49	42263.05	59340.55	76555	0	1
265857.08	283216.78	1155885.85	176631.05	282763.68	565980.46	589905.39	82655.39	111839.55	40190.37	404472.07	52240	1	0
698401.06	323467.18	1567833.04	239870.02	163727.54	487194.72	1080638.32	43510.28	64820.47	42924.16	182750.81	59311	0	1
992875.78	255335.85	1598098.81	73090.93	254115.14	509450.99	1088647.82	40209.6	38743.73	68113.93	205696.11	51518	0	1
972432.7	305261.07	1412227.71	229789.5	264356.3	569617.37	842610.34	12384.68	146136.13	54501.45	269263.61	55735	0	1
753397.0	465070.27	779780.35	74734.03	163612.29	628682.56	151097.79	96629.85	119811.46	32892.33	244895.46	70767	0	1
755134.37	319408.2	1046721.09	321979.35	101127.69	420535.89	626185.2	45401.3	75828.7	18552.41	213916.31	99117	0	1
470632.24	267267.05	1219708.85	126312.58	98673.41	365940.46	853768.39	60480.05	135714.97	35607.12	115385.77	72814	0	1
534604.13	232778.02	634146.01	423811.99	262257.01	495035.03	139110.98	56809.89	67762.25	77365.58	345369.91	43318	1	0
313189.23	78162.83	1095679.12	351028.35	247781.25	325944.08	769735.04	37526.84	153710.74	41861.17	221041.05	59764	0	1
854898.32	260799.63	1423423.74	142330.68	111020.16	371819.79	1051603.95	70653.72	114649.75	32789.07	163946.62	92819	0	1
590762.75	215499.87	1215502.29	56575.05	48409.4	263909.27	951593.02	31779.62	28283.63	51930.55	300970.47	71389	0	1
636794.15	423458.3	1042969.61	158690.83	36175.1	459633.4	583336.21	50665.12	166991.03	81455.06	80190.09	70079	0	1
709070.67	215443.01	1120886.65	245815.67	291844.22	507287.23	613599.42	64730.45	178276.7	23912.89	353452.96	71682	0	1
282411.42	458428.02	1244990.54	255075.0	168693.32	627121.34	617869.2	65305.48	91205.29	66226.49	57044.56	75055	0	1
232526.23	378880.82	961856.55	217122.1	297000.24	675881.06	285975.49	59701.36	51854.4	47366.93	477488.32	84547	1	0
349259.49	338077.29	917443.45	117008.28	78698.54	416775.83	500667.62	81100.91	88202.99	37495.68	166741.64	54679	0	1
313263.95	388993.18	653516.72	248406.16	104134.45	493127.63	160389.09	92498.51	175361.05	13397.09	131695.32	47119	1	0
729145.9	353306.41	755529.52	383395.19	72139.01	425445.42	330084.1	53202.96	117698.24	24671.95	173111.21	80460	0	1
647711.77	203572.61	1606081.31	367726.81	81051.69	284624.3	1321457.01	93888.95	179301.9	15857.45	50560.77	43732	0	1
107333.99	261290.6	607240.57	361309.28	57461.55	318752.15	288488.42	74428.05	140817.95	69877.52	448974.37	68906	0	1
542361.76	107647.04	999406.96	127780.25	94313.39	201960.43	797446.53	70634.2	45028.57	12309.76	491368.85	68235	0	1
853300.37	483722.18	1104182.11	161885.95	78868.05	562590.23	541591.88	88206.66	157632.19	57026.82	181888.79	50457	0	1
583721.03	317897.29	1120139.76	495756.13	99912.65	417809.94	702329.82	62688.47	186232.86	71730.89	188621.19	71796	0	1
271315.25	171575.93	998917.56	139435.8	76822.21	248398.14	750519.42	43444.94	32271.77	26895.61	449199.87	80619	0	1
715833.89	337803.32	806925.18	191922.85	127337.95	465141.27	341783.91	31032.56	29000.38	39179.91	365320.55	35582	0	1
734999.89	486845.52	1283533.95	482787.67	63481.0	550326.52	733207.43	92845.29	45252.15	28915.27	432814.41	97604	0	1
835495.05	248190.93	1283516.66	488736.55	36819.96	285010.89	998505.77	36017.04	176095.6	19054.73	150878.38	54968	0	1
659000.51	151992.74	1064731.34	259251.78	197197.82	349190.56	715540.78	66426.18	54790.45	32617.58	51216.77	52994	0	1
321257.76	170596.57	758452.95	186718.99	57641.91	228238.48	530214.47	70986.78	175789.72	86888.85	465792.29	47486	0	1
803294.45	442009.96	1721085.43	328501.96	265668.4	707678.36	1013407.07	34692.14	23419.87	55507.18	388283.75	62346	0	1
895488.21	172496.27	1492429.12	480579.22	77549.96	250046.23	1242382.89	16659.05	114927.1	34999.99	285320.09	75691	0	1
986641.62	437545.78	1072050.16	412541.73	164488.94	602034.72	470015.44	15053.18	101386.69	84676.85	141782.01	38230	0	1
597385.93	401033.02	1013735.1	139778.88	289561.52	690594.54	323140.56	62924.85	97239.12	72351.87	280104.37	87621	0	1
443170.9	245066.25	706773.02	401573.42	104089.07	349155.32	357617.7	78262.48	150972.74	82423.38	445430.97	74482	0	1
538223.9	395587.91	675445.01	411308.99	122599.38	518187.29	157257.72	94116.25	173559.7	52347.26	71954.73	41689	0	1
743643.8	201026.99	1512055.8	382606.95	279266.67	480293.66	1031762.14	38549.87	178830.17	49597.16	148442.21	53198	0	1
855649.14	446949.52	1713296.21	322355.99	53231.19	500180.71	1213115.5	80910.89	48014.3	70031.56	481612.75	40238	0	1
274420.4	118058.15	517841.27	458843.42	31651.05	149709.2	368132.07	65932.63	120037.42	89254.85	290813.03	31766	0	1
733596.3	498186.69	1128385.1	397905.94	252242.72	750429.41	377955.69	31189.08	20525.94	46123.12	228139.52	69255	0	1
702298.97	428960.83	955782.25	457182.23	184292.86	613253.69	342528.56	10792.22	198014.6	13941.45	490696.27	91134	0	1
685812.26	336096.7	1090802.89	81673.22	67798.94	403895.64	686907.25	21395.91	67279.03	36570.62	328728.09	68702	0	1
933894.32	300944.49	1107022.14	57934.98	42552.21	343496.7	763525.44	79128.89	158715.0	27291.18	175490.11	57712	0	1
340817.0	388656.16	1083106.32	356143.26	32590.39	421246.55	661859.77	69642.06	52703.49	72828.49	114503.9	59318	0	1
675081.17	432623.79	880895.67	67321.76	46782.23	479406.02	401489.65	76081.14	42466.07	72959.43	118801.03	88968	0	1
354880.88	234875.48	366489.37	388893.53	64263.0	299138.48	67350.89	31201.92	129024.89	96294.57	148454.52	91020	0	1
262484.57	310771.82	1049350.34	281969.39	40464.32	351236.14	698114.2	45477.16	167259.54	14448.65	171257.42	51934	0	1
489325.02	370418.94	1341798.96	83752.75	117166.63	487585.57	854213.39	98631.84	82343.27	30793.26	198389.72	73184	0	1
135571.85	440681.58	521770.18	246212.84	167703.04	608384.62	-86614.44	10082.92	95542.17	38356.83	289122.74	77618	1	0
731405.92	444997.64	1569690.55	301624.29	50519.58	495517.22	1074173.33	72369.31	28621.5	81999.54	150705.83	74513	0	1
294917.98	71114.74	337247.19	272081.76	155179.2	226293.94	110953.25	84010.26	103363.89	65562.38	493814.98	36947	0	1
116571.73	498511.73	1051627.0	305555.81	221312.96	719824.69	331802.31	28317.62	51381.3	21169.98	352326.43	36143	1	0
705566.48	187517.0	1295535.83	192779.3	274960.29	462477.29	833058.54	88207.03	191842.67	93297.69	301395.46	59853	0	1
453978.95	296790.87	731810.34	257527.95	81046.19	377837.06	353973.28	50872.73	127632.42	40017.25	357518.4	38750	0	1
336369.5	182607.19	516686.63	207775.06	186315.44	368922.63	147764.0	27447.47	117260.93	35895.19	242142.62	32189	0	1
279290.38	260623.29	1126075.35	425364.31	78255.8	338879.09	787196.26	12028.25	31848.0	21232.08	100050.88	89082	0	1
720200.41	472787.4	990619.56	131528.69	128823.94	601611.34	389008.22	17079.37	130515.12	41265.15	397059.58	74560	0	1
491045.26	352191.11	963635.2	216930.95	229030.29	581221.4	382413.8	33839.95	138879.31	27886.76	56730.27	47497	0	1
463202.63	351937.2	549167.48	279492.71	187144.25	539081.45	10086.03	83528.96	83422.52	67758.27	150092.3	82995	0	1
872015.04	369047.03	1771355.73	334789.81	200043.14	569090.17	1202265.56	66007.47	84717.97	20562.58	166096.86	29529	0	1
408213.55	483189.42	791346.08	202697.17	173134.18	656323.6	135022.48	42912.24	32771.21	91672.6	140093.89	87560	0	1
456215.63	207536.24	613212.5	332999.26	168528.55	376064.79	237147.71	28041.29	85587.58	63982.99	176710.12	92790	0	1
162748.1	362887.78	857617.72	414958.79	78673.67	441561.45	416056.27	43647.35	186775.46	43426.64	292093.09	82726	0	1
765866.81	271058.69	960755.12	328291.3	166489.9	437548.59	523206.53	12440.93	117896.56	60908.92	67921.96	38235	0	1
615081.99	396157.43	1038082.56	111608.56	105492.09	501649.52	536433.04	52227.02	58827.61	15274.29	145550.55	98544	0	1
618820.63	234748.7	779538.42	335323.8	254975.97	489724.67	289813.75	29595.95	24561.5	11841.83	358247.74	32799	1	0
776590.84	194714.24	1066331.05	466593.04	250419.89	445134.13	621196.92	36066.38	121326.98	74693.38	330689.3	31482	0	1
557499.7	412809.58	735714.02	403499.23	187854.08	600663.66	135050.36	72828.74	63224.85	38265.45	370120.2	86640	0	1
593919.03	251884.45	959854.31	394159.18	208360.9	460245.35	499608.96	63424.53	56686.58	93079.73	491094.51	56234	0	1
431639.39	106275.76	997500.49	250317.58	245975.71	352251.47	645249.02	73889.71	21469.56	50957.47	437771.87	29365	0	1
925678.03	258066.97	1860369.22	308557.02	293226.09	551293.06	1309076.16	61289.44	73595.83	73924.91	194870.36	56429	0	1
352454.44	329048.56	527259.41	177038.7	230417.18	559465.74	-32206.33	12746.43	143258.87	70235.73	181158.08	55075	0	1
623255.63	128205.06	1618322.19	425267.87	47026.71	175231.77	1443090.42	80831.85	63507.66	46309.04	189229.21	39395	0	1
312587.48	350314.83	537474.98	126036.44	42837.19	393152.02	144322.96	27409.08	195027.41	64351.88	266250.56	39198	1	0
128345.28	292751.46	187153.54	427025.69	72200.61	364952.07	-177798.53	67478.35	71249.37	68293.97	440356.48	79806	0	1
765413.09	486454.47	778480.8	317363.21	236390.28	722844.75	55636.05	31012.85	28065.78	13781.8	281988.34	45395	0	1
438151.49	81798.31	960884.76	426381.18	63917.56	145715.87	815168.89	53728.14	96133.02	92148.09	295534.34	34364	0	1
560639.12	439485.36	950272.05	194577.09	210061.68	649547.04	300725.01	78991.05	164861.33	46637.07	173180.47	73893	0	1
887070.84	109534.36	1486819.78	284587.93	38871.62	148405.98	1338413.8	83010.59	23256.64	53743.9	418193.87	75877	0	1
363864.98	62887.39	1117606.16	440460.06	169398.34	232285.73	885320.43	26674.07	40534.29	64733.13	403449.73	69907	0	1
594926.74	125411.86	1551527.33	93612.48	34942.09	160353.95	1391173.38	19666.01	72617.18	56907.74	205695.08	98590	0	1
911763.45	203563.75	1112765.56	233876.85	254301.07	457864.82	654900.74	14286.63	87171.01	47134.53	206602.02	75271	0	1
859763.32	201786.52	1325089.95	347512.3	134403.83	336190.35	988899.6	68419.94	160847.52	44227.91	303467.96	46147	0	1
665888.31	439818.94	1003552.09	102407.66	219361.61	659180.55	344371.54	98570.1	21305.71	28304.4	321446.45	68893	0	1
417230.51	467182.34	1125221.62	351542.73	57531.28	524713.62	600508.0	34468.0	157875.4	79315.91	304966.49	98043	0	1
841498.4	249813.45	1161942.25	417871.96	48247.04	298060.49	863881.76	76351.78	53451.74	66987.08	445568.33	31392	0	1
993804.41	374071.46	1778461.09	227896.46	274604.0	648675.46	1129785.63	28444.0	191547.06	28140.28	460298.15	69188	0	1
857214.24	98692.74	1566207.94	145951.76	69822.92	168515.66	1397692.28	50732.47	38349.35	54249.85	250427.44	48747	0	1
935874.85	80617.07	1104621.38	170348.88	52593.75	133210.82	971410.56	51604.96	119138.7	97645.28	99382.09	76231	0	1
726014.43	480046.79	1611452.82	187358.16	114465.33	594512.12	1016940.7	49936.59	143188.13	95466.82	482174.31	69369	0	1
545241.76	202480.15	1272518.88	51164.25	176295.14	378775.29	893743.59	22092.92	151954.83	93645.43	384088.01	91236	0	1
719870.7	355283.57	943270.7	339946.27	216698.1	571981.67	371289.03	23040.02	39398.67	99800.28	471989.1	71636	0	1
299107.49	128563.64	1111752.84	63717.27	195267.56	323831.2	787921.64	17506.71	69047.78	89772.45	419347.35	89901	0	1
618039.72	324161.88	936091.32	125528.53	71269.0	395430.88	540660.44	55530.18	183048.06	67590.61	152485.04	67379	0	1
131372.3	304020.66	477531.19	119076.04	39910.74	343931.4	133599.79	82106.57	128904.54	22191.13	400068.97	97424	1	0
762136.03	384718.78	1045215.32	120995.68	182265.96	566984.74	478230.58	63602.75	122106.22	85819.45	76154.44	44094	0	1
476225.51	468126.32	1369093.0	212525.69	51341.12	519467.44	849625.56	52649.76	27063.13	80210.32	458341.54	55070	0	1
336142.5	122412.81	908586.45	274739.68	290753.36	413166.17	495420.28	92724.85	42598.32	74660.62	245997.07	97246	0	1
679122.26	101246.98	1554405.28	388111.4	144008.43	245255.41	1309149.87	53651.05	69712.87	84742.32	478211.82	73025	0	1
835218.03	471030.35	1140066.38	103456.56	291930.65	762961.0	377105.38	66124.98	40933.94	45617.71	331330.05	56549	1	0
466728.29	60287.06	992025.5	171211.07	284352.16	344639.22	647386.28	90171.21	66178.25	99007.47	77181.06	36322	0	1
694147.58	58769.99	1264383.77	443302.67	202428.6	261198.59	1003185.18	91482.52	124557.06	41098.44	204103.07	45025	0	1
958144.39	304186.43	1514047.85	195892.65	38719.92	342906.35	1171141.5	65223.83	114623.63	65168.09	271487.09	90945	0	1
277383.93	273545.2	855337.44	447364.99	253849.07	527394.27	327943.17	78217.84	22865.74	18165.76	57165.44	53912	0	1
250395.98	338173.44	698080.08	118268.33	297386.04	635559.48	62520.6	21064.92	133242.58	68922.36	116521.7	30906	1	0
981542.39	372768.65	1602919.48	306532.35	138804.38	511573.03	1091346.45	73369.19	170437.38	52644.0	234692.12	37689	0	1
974083.43	493835.09	1385834.71	123266.42	233358.93	727194.02	658640.69	46734.61	108393.23	12426.03	321159.13	57101	0	1
500546.14	376774.58	1296997.96	179276.99	41018.92	417793.5	879204.46	69451.33	36748.69	71421.3	322925.44	99468	0	1
969892.05	398452.39	1543687.88	373274.9	191147.26	589599.65	954088.23	83557.77	141817.78	89617.71	414046.95	48921	0	1
354882.93	336197.68	638982.98	261519.83	189516.5	525714.18	113268.8	12981.6	69700.13	86549.27	67874.03	57622	0	1
670069.89	181869.96	1553211.57	237585.49	140588.8	322458.76	1230752.81	40067.42	120126.65	73955.63	281335.34	44945	0	1
695570.65	418632.95	1466822.45	215005.67	59581.16	478214.11	988608.34	78561.82	188192.67	97747.71	487109.46	54588	0	1
151724.68	68333.34	506999.83	87044.92	227240.78	295574.12	211425.71	96867.62	64820.82	54051.2	467242.23	32728	1	0
860758.5	473442.81	1210735.05	394514.31	250584.48	724027.29	486707.76	59853.33	156938.41	56721.17	349535.32	88122	0	1
546951.68	223753.9	942942.23	106920.74	111538.95	335292.85	607649.38	42406.22	187588.8	47081.8	447497.75	53340	0	1
583063.49	68723.27	1080622.38	84684.64	109712.34	178435.61	902186.77	53836.51	23236.87	49042.91	259773.54	86561	0	1
844158.2	313888.69	1384993.92	244935.0	166871.7	480760.39	904233.53	20566.97	137973.66	86680.64	302488.15	98487	0	1
722658.03	413921.78	1123648.98	288887.83	126666.23	540588.01	583060.97	49560.06	199055.02	90317.68	97348.34	46542	0	1
689302.88	178690.6	1253623.98	370639.58	173225.5	351916.1	901707.88	99100.81	45494.94	30332.96	62839.13	58935	0	1
779151.54	494284.42	1021972.1	88666.15	145231.64	639516.06	382456.04	87629.65	169244.22	34484.99	54101.45	67637	0	1
959417.9	197484.15	1854944.89	321341.71	108653.0	306137.15	1548807.74	43439.7	85989.75	99675.18	115805.27	70852	0	1
574427.82	280960.39	1524227.47	79020.32	208922.88	489883.27	1034344.2	27603.11	143105.6	40316.64	222306.46	42141	0	1
783622.45	205721.2	1668481.98	165291.12	54397.89	260119.09	1408362.89	47671.77	128311.71	65580.68	269540.38	47705	0	1
861506.99	263528.32	1671369.71	263579.05	135484.8	399013.12	1272356.59	32897.51	166904.93	32126.64	198908.79	52589	0	1
792039.45	474170.79	1712959.0	436779.71	73165.1	547335.89	1165623.11	99718.76	49707.35	46265.64	324307.0	85515	0	1
433795.12	65914.73	1365270.58	237402.77	77350.39	143265.12	1222005.46	36619.34	195463.57	66232.41	293057.74	31018	0	1
837888.55	192432.17	1406008.58	486400.93	79960.41	272392.58	1133616.0	12448.19	59110.34	36909.51	196614.77	64646	0	1
499312.67	92588.45	1008910.64	383580.03	240223.23	332811.68	676098.96	16011.16	193760.15	73266.43	439848.48	51297	0	1
194840.68	397622.62	977824.03	454608.15	60623.97	458246.59	519577.44	63761.27	141695.81	84411.13	372865.05	96334	0	1
858796.54	471491.74	1296236.42	455354.57	224387.98	695879.72	600356.7	73591.06	82370.05	15694.44	269657.29	69869	0	1
368723.33	253425.85	1091312.62	313535.44	81676.39	335102.24	756210.38	45533.68	123346.63	76938.14	310081.58	48009	0	1
503644.7	375298.79	636444.65	269194.1	181921.41	557220.2	79224.45	95265.41	70892.27	76303.29	108217.53	36143	0	1
205798.94	334997.71	286252.23	372889.74	69886.19	404883.9	-118631.67	97479.96	23761.5	28936.32	233436.02	32998	1	0
986169.77	142299.81	1849299.21	300873.31	127948.79	270248.6	1579050.61	45055.75	96246.23	87437.3	209217.2	42429	0	1
556159.45	448188.43	614618.39	201407.37	281151.65	729340.08	-114721.69	85580.16	65473.24	56647.95	206288.1	77437	0	1
382458.29	169094.81	1216315.28	124844.65	112174.98	281269.79	935045.49	88363.51	182483.79	84032.23	223521.65	66720	0	1
286669.07	114601.6	1164231.02	74936.87	178008.91	292610.51	871620.51	96097.21	133642.75	32246.7	181469.74	46950	0	1
214614.7	147104.01	280139.11	393710.62	282252.67	429356.68	-149217.57	77283.99	74369.76	64206.94	250790.72	35585	1	0
473914.61	85080.99	1081664.66	253784.43	66826.26	151907.25	929757.41	69249.13	98075.18	22519.69	285358.69	96042	0	1
367039.66	362071.84	714200.85	123865.44	195807.78	557879.62	156321.23	59648.08	40607.5	51443.38	474917.91	33904	1	0
511768.62	409630.16	1265439.41	391716.15	193764.58	603394.74	662044.67	38512.43	102509.29	46942.03	134214.1	73488	0	1
711270.77	485000.56	884017.94	212796.62	58988.92	543989.48	340028.46	75677.03	110600.45	91287.29	154332.25	68850	0	1
903147.58	304808.0	1270163.45	152299.29	249006.83	553814.83	716348.62	66091.02	48560.13	56117.21	99487.24	30163	0	1
953492.62	137586.2	1639711.09	61231.63	90601.77	228187.97	1411523.12	69305.5	148099.17	72177.1	402833.08	53424	0	1
741759.66	274887.14	1395211.33	429795.53	137230.11	412117.25	983094.08	49931.39	198620.24	95873.05	224916.35	82509	0	1
662888.67	97901.19	1307577.88	357981.93	126171.76	224072.95	1083504.93	21813.97	53062.54	22825.41	475550.54	47371	0	1
180931.79	272376.28	881646.34	312771.79	156945.84	429322.12	452324.22	29583.49	156990.84	31719.55	237135.98	65268	0	1
860337.39	408246.29	1118686.64	202325.88	60651.7	468897.99	649788.65	44595.99	146469.8	91626.65	484313.22	62878	0	1
985361.23	454095.56	1774559.53	276928.23	264988.19	719083.75	1055475.78	60853.34	162437.69	67847.97	201100.93	40992	0	1
676627.47	185778.33	735093.52	490639.78	73290.96	259069.29	476024.23	21393.83	184753.17	39505.59	496584.34	37770	0	1
521530.89	129264.01	1370015.06	489176.59	292820.57	422084.58	947930.48	66570.39	131492.1	56688.89	97732.15	84357	0	1
174857.72	347537.96	253159.51	71182.21	224173.49	571711.45	-318551.94	95168.9	92237.61	51366.86	324656.73	35057	1	0
934297.8	238873.7	1008935.56	209426.38	206248.29	445121.99	563813.57	93489.11	124336.48	70617.29	172303.81	71152	0	1
142676.22	50640.2	935265.91	226447.81	184202.13	234842.33	700423.58	94281.13	146651.17	77117.61	230759.13	80435	0	1
891216.04	262362.28	1667032.18	424137.67	138908.46	401270.74	1265761.44	92873.54	192172.99	71693.16	312697.41	43730	0	1
248290.99	327974.97	657606.91	188758.56	126916.15	454891.12	202715.79	32753.1	105213.44	30179.41	487745.05	56942	1	0
475984.52	266043.5	519001.14	363727.99	223474.08	489517.58	29483.56	77986.24	43774.89	38832.35	383937.16	79323	0	1
657171.71	120335.69	1458389.72	152469.54	225347.54	345683.23	1112706.49	11193.26	80173.71	54982.88	206803.26	36577	0	1
144419.08	239825.53	991609.07	430174.19	229603.04	469428.57	522180.5	64856.56	164934.6	12440.58	246231.08	65647	0	1
690364.91	489631.9	873862.13	216532.35	174548.16	664180.06	209682.07	74295.76	117391.44	29704.98	91692.59	52571	0	1
695183.58	380157.42	1585485.76	407798.54	241245.52	621402.94	964082.82	65618.5	159068.28	82422.35	111399.86	60784	0	1
994150.24	322981.77	1591731.01	335706.94	69478.11	392459.88	1199271.13	34806.57	139683.16	55955.56	207161.9	54588	0	1
683198.0	470893.62	1042277.88	252017.09	34662.26	505555.88	536722.0	88993.25	82943.11	71789.04	294755.65	62730	0	1
639966.7	188606.11	1202905.62	416679.35	48463.65	237069.76	965835.86	98113.04	198408.37	32726.64	365477.96	43356	0	1
626096.21	72473.52	705582.3	415264.53	173488.42	245961.94	459620.36	75768.81	120468.39	79617.36	279611.83	42799	0	1
819300.2	230867.42	1135147.47	285387.37	235336.06	466203.48	668943.99	57737.58	94018.56	89003.36	440959.14	73405	0	1
826444.75	394806.12	1187120.93	249328.35	46616.18	441422.3	745698.63	80128.45	79886.42	20944.65	474568.64	48320	0	1
957105.66	449069.13	1779808.2	194248.55	152829.25	601898.38	1177909.82	41734.91	46623.46	47425.76	327270.76	83868	0	1
313144.91	332452.73	950878.76	348642.34	72910.15	405362.88	545515.88	17934.77	81730.35	42479.84	428101.05	95136	0	1
815456.52	301549.13	1729126.42	468774.05	150871.39	452420.52	1276705.9	74104.37	61228.71	52087.17	196556.28	95843	0	1
111673.57	364404.56	923846.35	421949.18	171422.0	535826.56	388019.79	88187.05	196370.0	22707.37	261216.14	33457	1	0
630028.71	60464.25	1478490.75	469934.96	170397.09	230861.34	1247629.41	15534.12	143567.64	85922.97	354814.26	63839	0	1
883960.59	346634.37	1207214.33	104872.32	70650.52	417284.89	789929.44	21028.34	66326.07	50820.99	141731.81	82494	0	1
319847.31	218843.88	930933.36	290910.69	141223.96	360067.84	570865.52	12704.07	129943.07	17364.1	236255.47	60855	0	1
440809.81	425402.73	1356693.02	63238.36	219814.17	645216.9	711476.12	49316.17	181271.9	62217.17	473234.78	51373	0	1
202186.2	239692.04	423997.52	163088.95	91110.34	330802.38	93195.14	83309.93	24619.41	25050.17	123066.32	91937	1	0
913596.51	462311.03	1712199.0	86948.6	211838.11	674149.14	1038049.86	86028.31	95258.44	18404.53	464827.51	62588	0	1
112560.61	117652.44	729900.77	258539.48	244830.6	362483.04	367417.73	86656.82	140700.94	58681.38	359079.23	92682	0	1
457067.88	393855.46	1044463.35	303850.61	257818.13	651673.59	392789.76	57294.31	190750.11	66733.41	117892.75	42528	0	1
828933.51	85465.46	1174238.9	352754.78	252618.25	338083.71	836155.19	72407.41	45140.94	51677.09	288640.96	75402	0	1
549734.45	479655.72	753102.6	120020.18	117555.41	597211.13	155891.47	22271.52	80456.44	88737.38	350318.8	58631	1	0
340190.6	152586.21	519248.48	404964.05	153825.45	306411.66	212836.82	35530.47	53254.43	25724.67	358331.46	62833	0	1
310380.78	228164.04	1184603.12	424252.39	95824.91	323988.95	860614.17	86975.92	193805.1	29537.22	63775.33	48889	0	1
608361.03	86367.79	716447.85	283622.93	198711.92	285079.71	431368.14	65618.8	90798.37	90976.17	161854.88	61977	0	1
700036.82	235444.14	1034279.15	226261.49	197249.22	432693.36	601585.79	12838.74	191343.1	88060.31	264022.38	78103	0	1
911928.8	241939.91	1757039.57	184277.83	183641.8	425581.71	1331457.86	33956.51	59706.56	26034.55	100480.26	31912	0	1
555201.56	205376.87	1527902.91	493648.68	299857.58	505234.45	1022668.46	55857.91	159449.26	89173.12	299510.82	57331	0	1
756683.64	472834.65	1538509.36	77875.91	224280.23	697114.88	841394.48	27685.98	177868.87	15889.07	374675.94	63781	0	1
295891.22	159700.52	946610.1	252307.08	272007.04	431707.56	514902.54	13179.68	172913.07	94375.1	130016.59	59152	0	1
408704.19	435008.77	570155.13	470330.99	279801.33	714810.1	-144654.97	33786.03	52656.4	26978.34	314129.73	90126	1	0
889917.6	447823.48	1246004.62	287794.59	252198.17	700021.65	545982.97	58388.69	176414.87	24615.34	377526.53	69600	0	1
343346.32	280971.61	1251862.28	53900.99	189283.78	470255.39	781606.89	30729.68	165796.86	16268.53	380447.37	99297	0	1
866920.42	324954.44	1007722.16	228641.99	247152.77	572107.21	435614.95	38904.42	161710.15	32196.27	170395.53	46933	0	1
929247.14	176023.19	1258846.71	404938.6	220926.42	396949.61	861897.1	36494.64	105988.41	15698.25	326129.85	67345	0	1
324769.1	421938.65	860521.96	398847.17	151556.72	573495.37	287026.59	68945.63	163037.17	83849.82	163467.38	97792	1	0
479923.2	147140.71	915623.97	129037.33	68717.76	215858.47	699765.5	61276.77	63698.74	79392.06	120147.68	95176	0	1
649900.05	437202.85	876815.83	84415.45	241702.83	678905.68	197910.15	42281.16	162984.04	76585.91	477498.2	42665	1	0
750459.87	241486.09	1466777.61	100737.43	287335.38	528821.47	937956.14	81422.93	173027.0	99862.17	88860.83	64570	0	1
826531.07	396450.01	1321015.51	239347.18	239314.46	635764.47	685251.04	72329.82	120404.49	95531.12	64165.6	53851	0	1
320898.97	366814.47	1195402.37	368577.44	299448.87	666263.34	529139.03	37454.24	41482.55	29410.77	192132.73	32834	1	0
882019.15	139801.78	1774865.25	172480.77	230512.4	370314.18	1404551.07	23363.54	89561.04	10153.26	197322.28	94462	0	1
615006.58	194990.08	646508.45	403123.06	176507.38	371497.46	275010.99	30046.0	41734.93	90032.85	59383.17	40016	0	1
924968.52	336497.93	1102546.82	462612.38	164634.34	501132.27	601414.55	35310.5	20395.89	19508.62	211004.53	82654	0	1
999632.23	367870.8	1657382.55	347094.63	123302.74	491173.54	1166209.01	69909.54	31596.23	94582.91	102153.66	57053	0	1
424769.11	181404.67	1105388.45	463387.65	58019.72	239424.39	865964.06	97591.53	74558.09	98340.32	375708.57	63500	0	1
497404.94	58656.9	1308594.91	391338.4	297239.88	355896.78	952698.13	59405.73	140456.6	48065.24	438263.48	81563	0	1
629422.1	136977.1	1250180.31	120406.16	95481.43	232458.53	1017721.78	51533.48	168339.73	91188.22	110169.47	60561	0	1
502064.35	261762.29	918048.84	155845.11	248412.79	510175.08	407873.76	79683.97	198752.0	98185.83	274220.64	76168	0	1
850616.12	205549.49	1838515.81	99709.89	252309.0	457858.49	1380657.32	53341.07	181787.67	27577.94	273318.97	51632	0	1
353087.42	259121.13	836458.3	473660.01	135815.45	394936.58	441521.72	75492.23	126541.64	98386.6	482266.68	97159	0	1
458377.38	319720.21	1056645.09	200415.38	163373.26	483093.47	573551.62	10665.79	144879.17	35354.22	397831.06	83092	0	1
361973.65	235268.83	1052892.72	264911.14	137114.41	372383.24	680509.48	64470.02	123642.35	80699.35	443082.74	52102	0	1
553651.97	469323.2	919691.87	301208.13	31426.35	500749.55	418942.32	21598.55	157744.93	30212.0	73140.77	64910	0	1
559011.56	146880.4	1272031.59	54853.01	186854.89	333735.29	938296.3	50141.72	57431.42	80619.08	306383.84	86400	0	1
575161.8	426598.35	1000303.97	275867.48	200676.6	627274.95	373029.02	52561.36	93457.04	17599.73	267007.35	53516	0	1
748448.22	372167.71	1168996.81	82124.99	43533.59	415701.3	753295.51	28574.62	187171.14	89001.84	244218.88	87729	0	1
177756.41	338002.27	699706.65	231953.13	248127.95	586130.22	113576.43	21518.72	93167.96	33553.16	75507.7	57187	1	0
658279.53	290899.0	735542.91	234234.96	185829.14	476728.14	258814.77	18176.24	168740.01	49488.26	100124.83	44338	0	1
200672.74	257860.19	418939.3	345740.05	99614.94	357475.13	61464.17	54541.57	191994.74	49369.45	210690.5	56465	1	0
170252.02	409640.98	981161.14	262486.95	191574.82	601215.8	379945.34	32812.17	162759.56	54725.17	86260.42	71677	1	0
510119.31	362041.25	641210.41	131367.45	206477.54	568518.79	72691.62	73971.79	20312.02	76439.29	249890.25	94024	0	1
575027.61	356101.37	1445816.47	98986.01	234099.72	590201.09	855615.38	82995.87	24676.47	64430.78	446524.87	78879	0	1
776789.36	192002.04	852420.39	368079.99	86402.9	278404.94	574015.45	85722.53	125830.12	87098.57	148030.8	98640	0	1
741474.68	368592.54	1127367.25	61179.64	119666.98	488259.52	639107.73	10205.17	170126.07	31607.96	259404.21	78323	0	1
147998.64	467972.0	917591.63	108588.67	54746.82	522718.82	394872.81	89958.99	76602.5	62572.5	482011.92	77951	1	0
254125.02	170140.0	627565.81	412575.55	179987.82	350127.82	277437.99	32364.57	70892.82	81496.13	276871.92	44333	1	0
339072.0	149372.63	438047.38	272339.4	123619.92	272992.55	165054.83	81862.84	73895.29	20121.07	286639.73	82022	0	1
166242.52	61604.03	766436.79	267880.34	51647.94	113251.97	653184.82	51302.74	148743.7	76860.65	471695.31	29969	0	1
311103.53	200271.7	433973.37	273424.13	153418.93	353690.63	80282.74	97145.62	51078.16	40315.42	397940.23	67518	0	1
595725.22	235502.6	738413.52	481316.0	249651.12	485153.72	253259.8	61720.49	182656.37	29233.96	87328.09	72203	0	1
409150.47	116678.08	1156183.11	134834.36	36313.71	152991.79	1003191.32	76858.43	59618.83	69556.83	436636.92	71812	0	1
876404.24	472630.86	1682761.87	433334.08	158082.69	630713.55	1052048.32	15958.03	127284.4	48115.26	250253.09	50870	0	1
226371.74	66333.69	427313.64	249611.49	246108.15	312441.84	114871.8	40036.58	116736.01	52570.2	276572.66	91253	0	1
155786.38	148158.36	759200.28	135460.25	43724.99	191883.35	567316.93	42333.83	135683.49	74468.06	187489.6	91654	0	1
924698.89	265236.12	1544073.43	190000.8	155716.34	420952.46	1123120.97	31782.96	185177.08	26296.58	488796.61	54960	0	1
910301.82	333434.22	1646268.0	374921.23	210167.0	543601.22	1102666.78	64079.06	75585.04	19897.03	64650.51	84374	0	1
831064.9	455629.91	967339.4	347520.67	293697.92	749327.83	218011.57	77539.58	78496.37	65125.11	412456.18	98372	0	1
764255.75	440327.05	1367276.49	297323.26	198715.16	639042.21	728234.28	88391.73	76273.23	75605.95	480194.73	69857	0	1
292602.36	466779.87	526090.75	407250.12	37001.99	503781.86	22308.89	99243.53	119326.32	71834.1	74708.38	57488	1	0
354285.01	117199.73	1101228.88	224198.74	175614.76	292814.49	808414.39	99945.44	172658.48	39883.23	158029.44	70171	0	1
251712.52	442710.0	841595.65	237799.16	266588.02	709298.02	132297.63	76679.74	47938.59	42838.05	394430.54	52391	1	0
810922.91	338050.97	1028613.24	90410.92	115828.12	453879.09	574734.15	95331.64	123819.65	77441.72	326549.53	35647	0	1
497436.79	496950.65	1289854.3	193585.04	211896.39	708847.04	581007.26	13430.33	111712.07	48752.51	297092.46	71543	0	1
756267.83	318526.9	1281177.34	193601.15	234888.18	553415.08	727762.26	70152.03	117840.96	61488.04	387928.97	30460	0	1
584345.38	452306.03	1472425.7	388108.85	215749.08	668055.11	804370.59	25292.36	61455.97	97080.86	170308.27	88551	0	1
156573.11	349041.78	395173.16	93994.04	148069.25	497111.03	-101937.87	90751.1	88758.27	33764.13	173187.99	86226	1	0
491339.56	86630.15	1092931.08	187871.86	174344.79	260974.94	831956.14	43909.93	149630.97	12480.28	276410.27	59624	0	1
600635.77	61779.27	1055661.76	303599.39	239941.17	301720.44	753941.32	81268.02	199121.82	78195.66	94119.72	94269	0	1
362995.48	72563.58	450229.12	326321.43	263160.1	335723.68	114505.44	47929.62	100623.21	29545.24	455713.44	47723	1	0
692883.72	353880.9	1189920.96	194285.94	142446.33	496327.23	693593.73	15292.0	54846.92	43176.22	245749.1	80939	0	1
333770.17	299179.26	655468.3	137946.95	214951.39	514130.65	141337.65	30941.24	102507.75	24452.16	194425.05	29739	0	1
253545.86	342031.93	1148307.5	81297.86	82434.22	424466.15	723841.35	19397.17	69892.07	84833.09	257193.05	77085	0	1
269150.56	285053.04	930013.59	354119.83	89449.32	374502.36	555511.23	52725.5	25357.01	21607.6	51054.17	46274	0	1
714652.6	314860.45	747231.79	474928.9	282072.84	596933.29	150298.5	68603.87	160675.12	11430.15	157350.53	29778	0	1
693638.45	373876.83	1182790.94	359532.08	221833.42	595710.25	587080.69	27385.67	49368.09	81030.13	156552.91	65419	0	1
863512.23	421997.56	1826191.56	298362.98	65165.68	487163.24	1339028.32	86708.12	144953.12	43576.3	399148.12	36995	0	1
298802.66	68218.09	827457.56	140261.25	47085.97	115304.06	712153.5	37403.12	83041.16	20170.56	333246.48	60152	0	1
244367.88	246416.46	1071668.14	249684.75	282645.21	529061.67	542606.47	46455.8	56012.45	30735.24	397889.71	51548	1	0
252774.47	293369.11	676796.07	107334.56	152805.39	446174.5	230621.57	88417.42	130493.16	52812.88	200552.63	36448	1	0
879764.23	372846.89	1325807.93	454238.49	299466.64	672313.53	653494.4	35503.02	105966.18	86471.31	317787.82	47339	0	1
886848.25	451585.05	938655.04	363891.24	95416.01	547001.06	391653.98	67163.14	103854.49	68389.62	312642.37	60299	0	1
487466.69	417336.76	538931.47	244337.7	297102.11	714438.87	-175507.4	49976.39	163042.06	99680.8	363561.36	87144	0	1
815215.13	234582.48	1320771.69	487840.66	73216.45	307798.93	1012972.76	56511.08	79730.26	45237.97	219042.44	81446	0	1
411511.89	409146.8	1102642.19	295104.64	190718.62	599865.42	502776.77	71511.87	120598.84	74686.98	347637.47	62293	0	1
384579.62	494410.21	1239417.0	177182.02	261213.39	755623.6	483793.4	45410.77	199087.27	35668.45	73739.6	48001	1	0
166136.57	76719.92	404033.66	428659.85	288053.39	364773.31	39260.35	56607.12	197752.73	59326.06	112428.05	37985	0	1
560916.35	300601.49	1053378.69	223670.19	123495.14	424096.63	629282.06	38826.96	182701.37	24409.24	455135.53	77035	0	1
694126.75	386623.52	1107869.22	187358.07	214297.41	600920.93	506948.29	55160.06	122214.69	43560.58	223872.14	79201	0	1
438798.0	139335.02	670834.49	308095.59	138872.28	278207.3	392627.19	96664.68	52887.26	88519.85	314275.56	75242	0	1
168144.11	276588.43	458415.14	425478.1	246599.91	523188.34	-64773.2	63565.98	47562.86	39033.95	382903.88	37081	1	0
844650.98	458151.83	873973.31	68169.11	30143.1	488294.93	385678.38	18147.14	113997.5	21760.73	324059.79	29455	0	1
836429.85	183035.46	965169.62	249095.34	80986.7	264022.16	701147.46	16336.6	118601.36	79247.16	204321.94	82676	0	1
676932.27	135695.15	924881.51	285245.07	99596.11	235291.26	689590.25	79706.73	36755.14	39786.6	148644.3	50077	0	1
617555.81	99291.17	1180588.19	108332.33	141200.4	240491.57	940096.62	49971.15	174235.75	95836.97	160490.85	56391	0	1
737766.02	348235.32	1364430.45	246693.13	291064.01	639299.33	725131.12	15447.99	147000.33	57444.92	318048.14	36582	0	1
514396.08	91113.27	781652.63	399071.84	269640.63	360753.9	420898.73	94099.61	109949.34	91453.85	225416.33	77469	0	1
639470.75	124944.2	930119.55	190531.18	195093.48	320037.68	610081.87	39645.06	199308.76	52554.05	370299.38	56819	0	1
400458.74	322741.55	1242196.19	268898.71	224525.16	547266.71	694929.48	91632.48	122407.1	34174.83	316206.75	85475	0	1
611059.16	161326.03	1607748.4	236193.3	271896.28	433222.31	1174526.09	27738.7	57040.8	95798.3	141338.05	64248	0	1
850387.21	88360.39	999907.04	78897.94	184907.22	273267.61	726639.43	71285.89	179083.63	90556.86	93598.28	59451	0	1
216837.67	241332.32	538061.22	433688.2	248306.16	489638.48	48422.74	40387.99	134613.84	48246.6	484805.65	59106	1	0
982670.64	124422.86	1588414.95	375234.85	164043.22	288466.08	1299948.87	69915.39	83610.22	27042.92	264918.37	34506	0	1
695818.46	246438.18	1638769.78	187874.97	202029.05	448467.23	1190302.55	11520.33	176837.63	53207.4	192788.02	91220	0	1
622898.8	77811.19	1423026.07	163094.33	113605.96	191417.15	1231608.92	38292.95	123412.04	92944.3	187800.37	93093	0	1
595082.17	118766.25	1220439.74	316248.81	180316.59	299082.84	921356.9	34217.88	108684.82	60183.05	105934.24	54026	0	1
422398.18	88900.05	1130675.91	484782.57	205193.42	294093.47	836582.44	52809.83	43146.42	72566.29	460910.36	92311	0	1
335355.02	77181.21	475264.16	457924.56	245126.11	322307.32	152956.84	78016.14	194100.36	29881.38	467429.9	52370	0	1
179003.66	296707.03	864277.33	52451.26	224583.7	521290.73	342986.6	46108.72	48330.09	70638.93	283984.56	86500	1	0
334637.58	128519.83	1332721.73	189212.01	283529.08	412048.91	920672.82	30198.36	148517.5	36826.19	297149.07	39270	0	1
276586.07	406289.69	373746.22	103164.33	187652.25	593941.94	-220195.72	84252.77	37814.41	43883.14	166072.67	62107	1	0
300006.56	268871.95	1269167.09	252775.54	119088.0	387959.95	881207.14	56582.02	135772.99	80784.26	460773.45	53415	0	1
676968.22	297618.75	1516144.66	185752.67	152746.25	450365.0	1065779.66	62888.63	70761.4	84184.59	217933.32	90965	0	1
929249.13	416350.72	1638740.77	255435.03	167860.37	584211.09	1054529.68	89054.79	174933.85	68079.48	355779.1	63961	0	1
849309.37	426692.71	1117670.43	357554.07	160176.48	586869.19	530801.24	58455.3	171404.93	25902.81	138704.82	39444	0	1
853989.89	452410.21	1533498.49	441636.26	212202.56	664612.77	868885.72	36736.14	132308.41	11703.07	97336.88	74678	0	1
629322.85	316616.03	890730.69	323846.45	116993.85	433609.88	457120.81	90706.46	167532.64	23739.84	259402.62	67418	0	1
956072.08	359991.22	1263134.86	278933.87	191753.39	551744.61	711390.25	97485.09	149101.03	45884.11	106487.31	50702	0	1
576466.36	53589.65	844502.35	125699.09	114174.35	167764.0	676738.35	11777.37	137170.54	70959.5	210292.57	42089	0	1
141414.67	117232.66	1105791.19	497043.84	285810.85	403043.51	702747.68	44722.79	97178.84	83191.28	238210.05	44515	0	1
878292.91	323239.47	1538116.32	97581.83	255401.25	578640.72	959475.6	42053.06	150278.39	73212.62	134029.5	81369	0	1
503272.93	417404.65	627376.83	109065.21	289828.74	707233.39	-79856.56	73430.26	96399.95	97288.0	469928.61	52698	1	0
414957.06	407644.47	877592.19	187383.98	197410.48	605054.95	272537.24	51997.19	149296.68	49826.59	404824.43	83462	0	1
409518.12	98038.37	886061.41	319116.55	129281.25	227319.62	658741.79	93140.84	118052.01	47758.77	255791.47	87327	0	1
352786.21	253293.95	666524.36	259001.35	96216.74	349510.69	317013.67	10427.82	135828.8	49663.19	306835.8	69280	0	1
394205.04	324136.4	624388.54	488571.63	83159.77	407296.17	217092.37	40641.08	189940.33	95893.29	279175.88	84076	0	1
541993.4	329367.78	1098134.18	143242.46	226561.32	555929.1	542205.08	79658.25	114487.76	99859.7	414715.41	80643	0	1
654340.15	122482.25	1164633.77	308617.36	161546.76	284029.01	880604.76	77154.31	109504.92	53578.47	65751.16	96338	0	1
523503.28	78416.78	1277034.72	319573.61	155554.93	233971.71	1043063.01	48949.8	159370.42	12719.85	159281.11	49203	0	1
432581.19	387763.47	468695.03	266237.87	280092.65	667856.12	-199161.09	55452.64	109275.87	81873.66	439006.67	46961	1	0
401695.43	273216.04	1256774.95	140657.23	31127.96	304344.0	952430.95	76176.83	152364.46	68514.2	301698.29	97013	0	1
528281.63	185236.11	577507.62	138221.12	174817.74	360053.85	217453.77	66016.63	95201.69	19470.66	146357.51	60938	0	1
794423.34	65162.95	1103360.84	234214.07	279289.1	344452.05	758908.79	97624.72	70042.64	67922.89	428651.47	55229	0	1
853734.03	169622.67	1017520.94	346383.63	258522.95	428145.62	589375.32	60936.01	27086.42	38320.73	249852.05	58890	0	1
349671.52	331301.83	822087.44	66512.05	245131.58	576433.41	245654.03	41740.69	86898.13	15601.72	167493.22	89371	1	0
464467.18	170566.16	1375796.62	434717.61	80755.91	251322.07	1124474.55	52510.39	22323.8	50146.2	411519.1	93476	0	1
740139.65	488461.08	1016651.41	230390.25	162493.42	650954.5	365696.91	77737.38	77097.31	80038.49	102451.07	38147	0	1
389569.03	426231.45	991126.97	200733.44	82971.44	509202.89	481924.08	63044.17	50490.89	94290.96	284540.67	69774	0	1
502183.94	105592.1	517185.85	374596.37	298988.17	404580.27	112605.58	45028.51	176720.4	73803.9	78638.69	66363	0	1
746192.76	180629.98	1121720.04	152191.13	71668.76	252298.74	869421.3	69163.19	194580.76	87240.28	56791.94	67607	0	1
573501.5	282507.56	1519157.58	61303.46	45007.8	327515.36	1191642.22	96631.11	148478.4	81666.42	188889.44	35375	0	1
498368.03	52567.98	1318663.71	257970.7	147293.11	199861.09	1118802.62	67713.15	143506.77	40255.23	243900.52	43060	0	1
116872.31	140151.26	670882.89	173920.57	244128.2	384279.46	286603.43	68711.24	175849.51	59893.34	143930.47	94378	0	1
970492.5	233220.32	1385893.22	466019.95	264024.07	497244.39	888648.83	82664.83	106760.31	68618.26	147853.33	75254	0	1
201171.43	161047.99	1173710.13	204830.04	266635.83	427683.82	746026.31	27269.3	37058.3	12031.22	443245.93	29008	1	0
733846.42	122777.07	1019524.7	96941.1	269800.26	392577.33	626947.37	44566.65	110248.23	53444.6	177033.62	36507	0	1
713194.82	128845.89	1215111.85	173384.34	188377.06	317222.95	897888.9	14858.01	95655.51	60126.52	62718.48	75755	0	1
960389.04	73408.83	1359324.02	370871.93	84727.68	158136.51	1201187.51	46163.26	175860.81	10057.82	89672.12	69821	0	1
716711.32	178849.27	1273078.83	480990.21	30977.83	209827.1	1063251.73	84836.71	191084.34	79496.17	286335.69	83355	0	1
996839.57	230139.7	1563528.3	482622.43	269965.97	500105.67	1063422.63	93270.83	84983.52	13954.11	217547.99	76464	0	1
927287.81	327183.98	1396958.87	392844.12	33159.82	360343.8	1036615.07	58526.35	98363.17	19341.1	491694.29	31226	0	1
643572.06	199275.18	1461678.0	166335.66	271666.7	470941.88	990736.12	54921.17	180293.23	76088.59	487685.48	74532	0	1
156760.25	428087.46	304170.75	458242.07	163180.37	591267.83	-287097.08	22402.46	133695.09	36142.36	216202.9	34919	1	0
853097.03	443634.53	1751962.64	489185.9	157655.47	601290.0	1150672.64	84357.66	91087.45	68704.82	477161.56	71381	0	1
592693.98	200344.0	1134910.17	340894.97	157943.45	358287.45	776622.72	27066.14	95279.96	12887.5	416198.65	29266	0	1
968032.99	279107.4	1930854.07	265397.68	169420.69	448528.09	1482325.98	86235.01	144737.44	42557.87	206562.55	56233	0	1
904003.33	71724.96	1259025.69	352968.72	157525.19	229250.15	1029775.54	47902.25	72980.05	93200.53	168374.23	92027	0	1
797542.27	404785.33	1417364.27	181138.16	271842.69	676628.02	740736.25	99403.0	74542.22	24024.73	476499.74	40988	0	1
743105.22	456068.11	787059.05	158389.58	158563.97	614632.08	172426.97	94461.22	25464.14	51834.72	199884.72	46319	0	1
199977.31	98853.75	1054768.72	487436.84	236535.27	335389.02	719379.7	35247.97	125974.61	57155.9	499466.25	91973	0	1
